14 Photos in total.
 
Average error for the 1th image: 0.0605975 pixel 
Average error for the 2th image: 0.0320901 pixel 
Average error for the 3th image: 0.0575565 pixel 
Average error for the 4th image: 0.0559523 pixel 
Average error for the 5th image: 0.0612207 pixel 
Average error for the 6th image: 0.0497409 pixel 
Average error for the 7th image: 0.0441544 pixel 
Average error for the 8th image: 0.0660142 pixel 
Average error for the 9th image: 0.0533159 pixel 
Average error for the 10th image: 0.0611283 pixel 
Average error for the 11th image: 0.0635464 pixel 
Average error for the 12th image: 0.0561798 pixel 
Average error for the 13th image: 0.0463639 pixel 
Average error for the 14th image: 0.0288878 pixel
Overall mean error: 0.0526249 pixel 


# ------camera Intrinsic--------
Camera.fx:  718.162
Camera.fy:  717.277
Camera.cx:  382.229
Camera.cy:  228.868

# ------camera Distortion--------
Camera.k1:  -0.442169
Camera.k2:  0.329076
Camera.p1:  0.00123049
Camera.p2:  0.00228845
Camera.k3:  -0.2125
...
---
#  
# ------camera Intrinsic saved by yaml data--------
camera Matrix K: !!opencv-matrix
   rows: 3
   cols: 3
   dt: d
   data: [ 7.1816224621053584e+02, 0., 3.8222934866933775e+02, 0.,
       7.1727735606924250e+02, 2.2886839407495427e+02, 0., 0., 1. ]
#  
# ------camera Distortion saved by yaml data--------
camera Distortion: !!opencv-matrix
   rows: 1
   cols: 5
   dt: d
   data: [ -4.4216922922548135e-01, 3.2907556881910971e-01,
       1.2304917952894248e-03, 2.2884521635583850e-03,
       -2.1250044286446135e-01 ]
