# ------left camera Intrinsic--------
Left.Camera.fx:  327.438
Left.Camera.fy:  327.487
Left.Camera.cx:  294.345
Left.Camera.cy:  228.459

# ------left camera Distortion--------
Left.Camera.k1:  -0.322513
Left.Camera.k2:  0.121239
Left.Camera.p1:  0.000641907
Left.Camera.p2:  0.000743661
Left.Camera.k3:  -0.0224241




# ------right camera Intrinsic--------
Right.Camera.fx:  327.422
Right.Camera.fy:  327.042
Right.Camera.cx:  324.79
Right.Camera.cy:  225.969

# ------right camera Distortion--------
Right.Camera.k1:  -0.32463
Right.Camera.k2:  0.134154
Right.Camera.p1:  0.000141424
Right.Camera.p2:  0.00126254
Right.Camera.k3:  -0.0289138

...
---
# ------camera parameters saved by yaml data--------
R: !!opencv-matrix
   rows: 3
   cols: 3
   dt: d
   data: [ 9.9994498173393087e-01, -1.2251954402527816e-03,
       1.0417888522239634e-02, 1.2138857299968232e-03,
       9.9999866716202035e-01, 1.0918587900741481e-03,
       -1.0419212377293142e-02, -1.0791525916828886e-03,
       9.9994513621654302e-01 ]
T: !!opencv-matrix
   rows: 3
   cols: 1
   dt: d
   data: [ -1.1927966561964111e+02, -6.1700925638804048e-02,
       -4.8186986101621510e-01 ]
R1: !!opencv-matrix
   rows: 3
   cols: 3
   dt: d
   data: [ 9.9989522477143977e-01, -7.1227031913482705e-04,
       1.4457944192186217e-02, 7.0446002074246738e-04,
       9.9999960319535741e-01, 5.4529368872005253e-04,
       -1.4458326851716528e-02, -5.3505151178365304e-04,
       9.9989532977433626e-01 ]
R2: !!opencv-matrix
   rows: 3
   cols: 3
   dt: d
   data: [ 9.9999170619112432e-01, 5.1727520849919315e-04,
       4.0397989211061374e-03, -5.1509288265340033e-04,
       9.9999972087558031e-01, -5.4122831019097809e-04,
       -4.0400777574866103e-03, 5.3914294967521308e-04,
       9.9999169351379780e-01 ]
P1: !!opencv-matrix
   rows: 3
   cols: 4
   dt: d
   data: [ 3.2726464604530679e+02, 0., 3.0363885116577148e+02, 0., 0.,
       3.2726464604530679e+02, 2.2719345855712891e+02, 0., 0., 0., 1.,
       0. ]
P2: !!opencv-matrix
   rows: 3
   cols: 4
   dt: d
   data: [ 3.2726464604530679e+02, 0., 3.0363885116577148e+02,
       -3.9036341309368428e+04, 0., 3.2726464604530679e+02,
       2.2719345855712891e+02, 0., 0., 0., 1., 0. ]
Q: !!opencv-matrix
   rows: 4
   cols: 4
   dt: d
   data: [ 1., 0., 0., -3.0363885116577148e+02, 0., 1., 0.,
       -2.2719345855712891e+02, 0., 0., 0., 3.2726464604530679e+02, 0.,
       0., 8.3835891138385379e-03, 0. ]
